0 0.435648 0.287760 0.089815 0.008854
0 0.621759 0.314323 0.093519 0.007812
0 0.509259 0.351823 0.098148 0.006771
0 0.466667 0.367969 0.081481 0.007812
0 0.357407 0.404948 0.109259 0.009896
0 0.650000 0.422135 0.079630 0.007812
0 0.446296 0.436458 0.094444 0.009375
0 0.641204 0.453125 0.100926 0.007292
0 0.346759 0.480990 0.089815 0.006771
0 0.363889 0.511458 0.101852 0.007292
0 0.525463 0.528125 0.100926 0.010417
0 0.622222 0.529948 0.088889 0.007812
0 0.464815 0.550000 0.107407 0.009375
0 0.525926 0.576302 0.098148 0.008854
0 0.418981 0.607031 0.091667 0.008854
0 0.622685 0.615625 0.087963 0.007292
0 0.410185 0.637760 0.105556 0.009896
