0 0.381019 0.125781 0.163889 0.018229
0 0.730556 0.180990 0.175926 0.015104
0 0.515278 0.249219 0.186111 0.015104
0 0.219907 0.343229 0.206481 0.019792
0 0.772222 0.385937 0.148148 0.016667
0 0.752778 0.446094 0.188889 0.017188
0 0.190278 0.488021 0.171296 0.014583
0 0.525926 0.582812 0.187037 0.019792
0 0.708796 0.589844 0.165741 0.016146
0 0.405093 0.623698 0.199074 0.017188
0 0.519444 0.674219 0.181481 0.015104
0 0.313889 0.727865 0.172222 0.017188
0 0.699074 0.753906 0.164815 0.014063
0 0.290741 0.789323 0.192593 0.017188
0 0.220370 0.545312 0.200000 0.012500
