0 0.338426 0.195573 0.137963 0.013021
0 0.631944 0.221094 0.145370 0.015104
0 0.472222 0.289062 0.150000 0.012500
0 0.406481 0.316927 0.120370 0.009896
0 0.247685 0.384896 0.171296 0.013542
0 0.709722 0.386198 0.119444 0.010937
0 0.394907 0.425781 0.145370 0.010937
0 0.704630 0.435677 0.155556 0.018229
0 0.256944 0.503906 0.137963 0.017188
0 0.289815 0.550000 0.162963 0.018750
0 0.545833 0.560156 0.156481 0.010937
0 0.697222 0.555729 0.137037 0.012500
0 0.456481 0.602865 0.162963 0.015104
0 0.559722 0.635938 0.147222 0.013542
0 0.401852 0.692448 0.140741 0.016146
0 0.720370 0.689583 0.137037 0.012500
0 0.394907 0.742708 0.158333 0.015625
