0 0.527315 0.274740 0.117593 0.008854
0 0.410185 0.299479 0.081481 0.009375
0 0.479630 0.341667 0.088889 0.007292
0 0.681019 0.371094 0.089815 0.007812
0 0.382407 0.395052 0.087037 0.008854
0 0.462963 0.403906 0.079630 0.006771
0 0.400926 0.426823 0.079630 0.006771
0 0.648611 0.444531 0.086111 0.007812
0 0.419907 0.464323 0.097222 0.007812
0 0.554167 0.481771 0.089815 0.008333
0 0.460648 0.496615 0.095370 0.007812
0 0.426389 0.519792 0.095370 0.007292
0 0.570833 0.537240 0.071296 0.006771
0 0.476852 0.584635 0.085185 0.006771
0 0.612963 0.324740 0.088889 0.007812
