0 0.577315 0.234115 0.145370 0.018229
0 0.422685 0.253646 0.099074 0.017708
0 0.671296 0.305469 0.107407 0.014063
0 0.498148 0.313802 0.109259 0.015104
0 0.741667 0.370312 0.107407 0.013542
0 0.359259 0.372396 0.107407 0.014583
0 0.458796 0.390365 0.099074 0.011979
0 0.680093 0.459896 0.102778 0.015625
0 0.375926 0.414323 0.101852 0.013021
0 0.386574 0.462760 0.121296 0.011979
0 0.550926 0.496615 0.112963 0.017188
0 0.429630 0.507292 0.114815 0.015625
0 0.377315 0.532813 0.115741 0.014583
0 0.554630 0.568750 0.090741 0.013542
0 0.423148 0.619531 0.105556 0.014063
