0 0.486574 0.174219 0.184259 0.017188
0 0.301389 0.223698 0.130556 0.011979
0 0.638889 0.246615 0.144444 0.015104
0 0.429630 0.284896 0.144444 0.014583
0 0.762500 0.315625 0.143519 0.015625
0 0.285648 0.381771 0.141667 0.013542
0 0.418519 0.388021 0.129630 0.014583
0 0.325926 0.432292 0.131481 0.017708
0 0.730556 0.437240 0.133333 0.016146
0 0.365278 0.490365 0.154630 0.017188
0 0.588889 0.505990 0.148148 0.013021
0 0.441204 0.538542 0.152778 0.016667
0 0.392130 0.579948 0.150926 0.015104
0 0.630556 0.595313 0.118519 0.015625
0 0.492130 0.681771 0.134259 0.013542
