0 0.371184 0.079481 0.147741 0.015566
0 0.679182 0.133255 0.155678 0.018396
0 0.499084 0.220047 0.160562 0.018396
0 0.427350 0.255425 0.133089 0.017453
0 0.248168 0.344811 0.182540 0.016981
0 0.729853 0.376651 0.130037 0.017453
0 0.395910 0.413208 0.158120 0.016981
0 0.717338 0.446698 0.166056 0.019811
0 0.236569 0.516745 0.153236 0.017453
0 0.266789 0.585849 0.174603 0.017925
0 0.533578 0.621226 0.161172 0.016038
0 0.689560 0.621226 0.143468 0.015094
0 0.434982 0.671934 0.176435 0.016509
0 0.532051 0.725000 0.154457 0.019811
0 0.360195 0.794340 0.153846 0.016038
0 0.688950 0.810377 0.143468 0.019811
0 0.346764 0.864858 0.167277 0.019340
