0 0.589744 0.121934 0.164835 0.013679
0 0.456654 0.222170 0.150183 0.022642
0 0.376679 0.297170 0.142857 0.020755
0 0.825702 0.255660 0.167888 0.024528
0 0.510073 0.334906 0.154457 0.018868
0 0.667277 0.389858 0.148962 0.024057
0 0.510073 0.450708 0.178877 0.017453
0 0.319292 0.510613 0.183150 0.018396
0 0.528083 0.605425 0.147741 0.017453
0 0.428571 0.645047 0.178266 0.017453
0 0.234737 0.705660 0.169109 0.019811
0 0.534188 0.785849 0.152625 0.022642
0 0.565324 0.880660 0.147741 0.016038
0 0.761294 0.898349 0.181929 0.019340
