0 0.529915 0.085142 0.207570 0.017453
0 0.318681 0.145519 0.153846 0.016509
0 0.684676 0.204481 0.158120 0.015566
0 0.447192 0.245047 0.160562 0.018396
0 0.271978 0.380660 0.156899 0.016038
0 0.806777 0.319575 0.155678 0.019340
0 0.753358 0.499528 0.151404 0.017925
0 0.344017 0.553538 0.177656 0.015566
0 0.418803 0.635377 0.169719 0.016981
0 0.354090 0.688443 0.168498 0.021226
0 0.611722 0.728774 0.129426 0.018868
0 0.445665 0.844340 0.146520 0.018868
0 0.584249 0.594104 0.159951 0.019340
0 0.417888 0.399528 0.144689 0.014151
0 0.310134 0.459434 0.148962 0.017925
