1 0.497685 0.083125 0.265741 0.010417
1 0.423611 0.223333 0.154630 0.011667
1 0.400926 0.304167 0.166667 0.010833
1 0.410648 0.317083 0.154630 0.011667
1 0.328704 0.357292 0.155556 0.010417
1 0.329167 0.397917 0.167593 0.016667
1 0.331481 0.641667 0.162963 0.012500
1 0.360185 0.723750 0.161111 0.015000
1 0.232407 0.791250 0.175926 0.013333
1 0.625000 0.951250 0.264815 0.012500
1 0.396759 0.330417 0.245370 0.010000
0 0.380093 0.329375 0.097222 0.006250
0 0.408796 0.304375 0.095370 0.007083
0 0.595370 0.950208 0.111111 0.007917
